143 58 0
92 226 1
167 62 1
169 223 0
63 167 0
130 32 1
137 63 0
180 14 1
173 39 0
90 50 1
105 129 0
81 169 0
142 203 0
217 45 0
69 35 0
75 1 0
27 51 0
65 137 0
27 138 0
227 8 1
52 44 1
94 91 0
50 90 0
45 217 0
245 214 1
166 97 1
183 101 0
117 22 0
24 185 1
19 67 0
34 210 0
1 178 0
77 216 1
35 89 1
111 13 1
134 182 1
145 171 0
204 216 1
209 58 0
195 190 0
98 129 0
42 210 1
54 62 0
57 157 0
210 42 0
10 24 1
107 172 0
114 203 1
34 132 1
206 205 0
67 150 0
187 89 0
59 162 1
18 228 1
192 74 0
179 80 0
55 82 0
61 67 1
99 238 0
16 235 0
85 229 1
48 153 0
201 78 1
225 49 0
235 1 1
133 32 0
178 175 0
189 155 1
44 22 0
206 173 0
195 10 0
157 30 1
174 235 0
231 165 1
24 116 0
14 32 0
26 231 0
222 148 0
135 3 1
236 100 1
154 180 0
220 204 1
96 228 0
42 132 0
88 81 0
119 43 1
136 200 0
47 144 0
142 56 0
89 232 0
157 4 0
58 143 0
124 183 0
110 118 1
74 140 1
61 201 0
225 202 0
138 7 0
246 103 0
145 73 1
230 163 0
243 109 1
140 192 0
87 121 0
235 16 1
54 65 1
76 161 1
148 222 0
60 161 0
220 83 0
152 148 1
144 166 1
213 68 0
84 209 0
12 117 0
167 183 0
17 198 0
122 134 0
4 118 1
203 189 0
159 141 0
134 38 1
205 21 1
131 56 0
212 83 0
188 17 0
48 122 0
227 122 0
117 12 1
135 116 1
125 116 1
146 4 0
132 42 1
179 246 1
4 157 0
188 185 1
92 68 0
95 120 0
231 147 0
235 75 0
236 51 1
124 102 1
105 98 1
72 230 1
64 46 1
68 213 1
201 233 0
184 156 0
94 193 0
175 241 0
166 200 1
240 21 0
201 67 0
7 51 0
152 222 0
108 106 1
31 91 0
44 151 0
17 188 1
236 236 0
165 231 0
208 86 0
53 41 1
194 76 1
202 49 0
210 216 1
207 11 0
91 238 1
244 209 1
168 33 1
37 84 0
182 9 0
211 130 0
184 230 0
104 123 0
125 13 1
116 24 0
13 125 0
222 152 0
85 65 0
23 159 1
73 126 0
110 30 0
152 231 1
164 156 1
193 6 1
76 205 1
158 230 0
170 81 1
127 15 0
228 47 1
96 18 1
72 28 0
23 58 0
195 175 1
115 30 0
168 46 0
137 229 0
178 199 0
242 217 1
48 9 0
108 62 0
150 226 1
106 124 0
219 109 0
198 188 0
109 243 0
0 153 0
46 239 0
19 78 1
71 114 1
191 82 0
130 211 0
18 68 0
118 2 1
227 162 1
242 45 0
161 103 0
241 83 0
238 23 0
223 169 0
21 76 0
107 155 0
98 222 0
20 130 0
73 113 0
83 212 1
60 39 0
217 190 0
73 39 0
69 246 0
26 97 0
171 113 0
231 148 0
16 75 0
237 38 0
15 90 0
127 234 1
71 56 0
36 31 0
224 81 0
97 166 0
5 189 0
31 99 0
216 210 0
225 127 0
232 237 0
141 58 0
40 37 0
177 191 0
120 123 1
65 167 0
223 88 1
118 4 0
181 121 1
47 136 0
144 128 0
220 177 0
229 143 1
6 243 0
44 52 0
129 165 1
110 157 0
54 63 1
192 158 0
50 41 0
69 89 0
132 124 0
207 22 1
79 112 1
131 203 1
189 56 1
126 113 0
111 214 0
156 230 0
165 129 0
133 130 1
67 61 0
53 202 1
58 209 0
215 230 0
25 79 0
43 103 1
64 187 1
187 35 1
222 147 1
1 75 0
22 12 1
172 95 1
167 108 0
155 107 0
116 188 1
141 159 1
23 238 0
66 103 1
212 221 0
155 5 0
28 90 0
164 163 0
78 181 0
151 110 0
76 194 0
137 65 1
191 177 0
170 170 0
130 180 0
233 201 0
192 140 1
91 31 1
78 201 0
56 189 0
87 136 1
108 101 0
229 141 0
0 227 1
176 122 0
59 113 1
172 155 1
162 80 0
86 27 0
11 117 0
240 76 0
203 131 0
8 122 1
243 94 0
26 129 0
49 202 0
246 69 1
40 132 0
218 194 1
143 229 0
147 222 0
149 202 1
29 166 0
157 115 1
177 83 0
234 49 0
81 88 1
113 171 1
221 191 0
140 142 0
198 17 0
126 73 0
70 5 1
32 180 0
202 53 0
131 5 1
98 26 1
28 72 0
8 48 0
186 176 1
208 11 0
237 232 0
191 212 1
146 115 1
127 90 1
141 209 1
101 124 0
19 121 0
180 139 0
189 203 0
140 56 0
162 0 0
237 182 0
103 66 0
151 224 0
13 111 0
20 32 1
29 96 1
163 184 1
243 6 0
172 158 0
84 37 0
96 68 1
121 47 0
190 217 0
41 15 0
208 100 1
221 212 0
5 70 0
160 21 0
86 51 0
32 20 0
38 8 0
153 135 0
67 226 0
102 124 0
77 106 1
163 215 0
88 53 0
80 162 0
9 122 1
168 187 0
219 94 1
12 12 0
158 107 0
223 81 0
175 178 0
75 178 1
145 126 1
213 92 0
197 162 0
224 224 0
207 12 0
113 59 0
102 102 0
166 144 0
186 111 0
216 204 0
211 234 0
103 197 1
122 8 0
215 156 1
164 164 0
173 160 0
226 233 0
128 200 1
146 30 0
197 103 0
105 144 0
3 122 0
119 103 0
143 209 0
90 28 0
163 230 0
154 211 0
68 96 0
93 54 1
43 126 0
238 91 0
6 143 0
162 59 0
149 41 0
94 99 0
200 166 0
63 137 0
90 15 1
70 109 1
14 139 0
115 157 0
50 28 1
113 126 0
2 4 0
11 22 1
149 49 0
100 236 0
205 161 0
55 217 0
244 37 0
77 42 0
57 115 1
97 26 1
154 133 1
128 97 0
239 176 0
10 195 0
188 116 0
176 9 0
175 177 1
49 225 1
123 94 0
205 218 0
151 2 0
30 146 0
185 188 0
244 40 0
25 95 0
104 95 1
66 246 1
95 104 0
109 193 0
36 159 1
4 146 0
176 3 1
82 221 0
139 152 0
211 32 1
41 53 0
129 98 0
9 134 1
202 149 0
65 54 0
158 192 1
190 242 0
88 224 1
200 128 0
234 32 1
82 212 1
214 16 1
147 152 1
159 23 0
38 182 0
178 1 0
165 152 0
182 38 0
72 172 0
245 125 0
31 23 1
104 155 0
229 93 0
82 242 0
133 139 1
199 10 0
155 172 0
3 153 1
246 179 0
212 82 0
171 145 0
228 18 0
218 246 0
12 22 0
144 136 1
20 234 0
62 241 0
200 97 0
100 86 0
190 195 1
99 193 1
129 26 1
15 41 1
184 74 1
86 100 0
100 235 1
112 65 0
210 106 0
74 163 0
241 177 1
55 190 1
58 141 1
46 33 0
111 239 1
156 215 0
11 208 1
230 158 1
194 240 1
16 199 0
35 69 1
34 37 0
186 13 0
230 156 0
60 119 0
45 242 1
169 81 1
85 63 0
204 191 0
196 195 1
240 218 0
49 149 1
173 161 0
37 34 0
37 40 1
2 110 0
71 203 0
36 23 0
228 96 0
39 73 0
0 162 0
160 173 1
18 47 0
160 205 0
22 207 0
30 115 0
120 112 0
213 150 0
159 143 0
75 235 1
106 102 1
56 203 1
59 145 0
79 123 0
171 162 0
103 246 0
183 102 1
239 111 0
7 100 0
51 86 1
28 15 0
203 56 0
117 11 0
147 231 0
91 94 0
62 108 1
30 110 1
187 237 1
182 237 0
52 207 0
68 150 0
153 48 1
232 187 1
193 99 0
138 27 1
24 17 0
209 159 0
142 140 1
194 205 0
78 19 0
52 46 0
218 205 0
123 79 0
17 24 0
134 8 0
56 142 0
99 94 1
118 151 1
204 83 0
21 160 1
93 167 0
13 214 0
15 202 0
46 168 0
51 7 1
95 172 0
27 86 0
215 163 0
233 19 0
239 13 0
57 146 0
219 91 0
234 14 0
2 151 0
53 169 0
93 63 0
233 61 1
14 133 0
132 37 1
42 77 0
114 189 0
174 178 0
119 39 1
80 179 0
79 243 1
242 190 1
89 69 0
198 24 0
22 117 0
199 195 0
209 143 1
40 244 1
62 54 1
74 192 0
148 152 0
199 196 1
123 109 1
245 13 1
148 148 0
221 82 1
33 46 0
181 115 1
33 52 1
114 142 1
139 147 0
124 106 0
197 80 1
206 21 0
241 175 0
25 112 0
196 199 0
45 221 1
6 23 0
150 67 0
193 94 0
180 32 1
83 220 1
29 128 0
106 183 0
61 226 0
238 99 1
21 206 1
39 126 0
226 67 1
136 47 1
153 198 0
156 184 1
66 179 0
33 64 1
64 33 0
107 158 1
101 183 0
183 106 0
121 19 0
84 40 1
214 125 0
101 106 1
115 4 0
112 79 0
136 87 0
181 78 1
128 144 0
9 9 0
116 125 0
150 68 1
5 155 0
81 223 0
120 25 1
3 135 0
47 18 0
122 48 1
126 119 1
138 170 1
109 99 1
170 223 0
89 187 0
102 106 0
185 198 1
80 227 0
83 204 0
217 55 0
70 94 0
8 134 0
185 17 0
92 67 0
139 148 1
196 196 0
10 199 1
43 119 0
232 89 0
169 41 1
179 35 0
87 47 0
1 235 0
161 60 1
214 13 0
35 187 0
97 128 0
224 223 0
39 60 0
226 92 0
7 27 1
135 153 0
32 211 0
63 54 0
41 50 0
121 87 1
161 246 1
174 236 1
38 237 1
51 236 0
112 120 0
125 214 0
216 106 0
177 241 0
